Open user-defined potential function as 0x4ac590
Open user-defined potential function as 0x4ad530
Open user-defined potential function as 0x4ae4d0
r_min  = 2.96754
epsilon  = 10.98555430320941
sigma  = 2.641155366947891
r_C = 1.297423035621794
E_C = 0.9324839696588728
r_min  = 4.37814999999605
epsilon  = 279.8665975549502
sigma  = 3.901934277641774
r_C = 1.290305203914793
E_C = 1.011511072405161
r_min  = 3.970277
epsilon  = 30.31808911505514
sigma  = 3.546633196484671
r_C = 1.285455861687661
E_C = 0.9908794143645593
T = 50
x_0 = 0.25
WARNING:
../src/mathtools.cc 75: Searching range may not be good, with index = 20 and val = 0.0006349141360032506, which evaluate with x = 1.290305203914793.
WARNING:
../src/mathtools.cc 75: Searching range may not be good, with index = 0 and val = -2.705055283428958, which evaluate with x = 1.
WARNING:
../src/mathtools.cc 75: Searching range may not be good, with index = 20 and val = 1.714428286818413, which evaluate with x = 0.9999999999999999.
WARNING:
../src/mathtools.cc 75: Searching range may not be good, with index = 20 and val = 0.0006349141360032506, which evaluate with x = 1.290305203914793.
WARNING:
../src/mathtools.cc 75: Searching range may not be good, with index = 0 and val = -2.705055283428958, which evaluate with x = 1.
WARNING:
../src/mathtools.cc 75: Searching range may not be good, with index = 20 and val = 1.714428286818413, which evaluate with x = 0.9999999999999999.
WARNING:
../src/mathtools.cc 75: Searching range may not be good, with index = 20 and val = 0.000637588388046173, which evaluate with x = 1.290305203914793.
WARNING:
../src/mathtools.cc 75: Searching range may not be good, with index = 0 and val = -2.704955522532678, which evaluate with x = 1.
WARNING:
../src/mathtools.cc 75: Searching range may not be good, with index = 20 and val = 1.714385772172302, which evaluate with x = 0.9999999999999999.
raw_D_mat:
 2.218478962065947e-16  9.299397918685762e-21 -2.511315117707569e-18
 9.299397918685762e-21  2.509408385400172e-18 -1.759254740064253e-18
 -2.51131511770757e-18 -1.759254740064253e-18  2.560933656656925e-16
raw_B_mat:
 2.117823481174284e-16 -2.844438846637871e-18
-2.844438846637871e-18  2.088545380464916e-16
raw_D_mat:
 5.993339974478399e-16 -2.180251101165661e-17 -7.845726967787851e-23  1.561887294011117e-20 -3.863103182572509e-19
-2.180251101165661e-17  2.218478962065947e-16  9.299397918685762e-21 -2.511315117707569e-18  5.147135770773511e-19
-7.845726967787851e-23  9.299397918685762e-21  2.509408385400172e-18 -1.759254740064253e-18  4.891285593160044e-19
 1.561887294011121e-20  -2.51131511770757e-18 -1.759254740064253e-18  2.560933656656925e-16 -4.072462478051678e-17
-3.863103182572508e-19  5.147135770773488e-19  4.891285593160044e-19 -4.072462478051678e-17  4.957968809770639e-16
raw_B_mat:
 8.370245250741217e-15 -2.175131904327539e-17  2.341833878840287e-20 -1.146056928390058e-18
-2.175131904327539e-17  2.117823481174284e-16 -2.844438846637871e-18  7.717417878490219e-19
 2.341833878840277e-20 -2.844438846637871e-18  2.088545380464916e-16 -2.506066084251459e-17
-1.146056928390058e-18  7.717417878490158e-19 -2.506066084251459e-17 -3.323814947311777e-15
WARNING:
../src/mathtools.cc 75: Searching range may not be good, with index = 20 and val = 2.440859581120947e-08, which evaluate with x = 1.290305203914793.
raw_D_mat:
 1.139936304136454e-15 -6.852267001194519e-17  -4.17197119494606e-18 -2.261318132735655e-24 -8.661364293672552e-23   3.07282833392009e-21 -5.454367626481334e-20
-6.852267001194519e-17  5.993339974478399e-16 -2.180251101165661e-17 -7.845726967787851e-23  1.561887294011117e-20 -3.863103182572509e-19  1.012638024242351e-19
 -4.17197119494606e-18 -2.180251101165661e-17  2.218478962065947e-16  9.299397918685762e-21 -2.511315117707569e-18  5.147135770773511e-19 -9.406285791001524e-20
-2.261318132735655e-24 -7.845726967787851e-23  9.299397918685762e-21  2.509408385400172e-18 -1.759254740064253e-18  4.891285593160044e-19  4.645874010024724e-19
-8.661364293672552e-23  1.561887294011121e-20  -2.51131511770757e-18 -1.759254740064253e-18  2.560933656656925e-16 -4.072462478051678e-17 -1.594255549545124e-18
 3.072828333920127e-21 -3.863103182572508e-19  5.147135770773488e-19  4.891285593160044e-19 -4.072462478051678e-17  4.957968809770639e-16 -9.459779936884464e-17
-5.454367626481357e-20  1.012638024242356e-19 -9.406285791003835e-20  4.645874010024724e-19 -1.594255549545124e-18 -9.459779936883991e-17  7.929311007703222e-16
raw_B_mat:
 3.494922076512592e-14 -1.583415543605907e-16 -4.172526923361015e-18 -2.253559109049148e-22  9.835577039024198e-21 -2.665242999725375e-19
-1.583415543605907e-16  8.370245250741217e-15 -2.175131904327539e-17  2.341833878840287e-20 -1.146056928390058e-18  3.241274232646349e-19
-4.172526923361015e-18 -2.175131904327539e-17  2.117823481174284e-16 -2.844438846637871e-18  7.717417878490219e-19 -2.447376684308529e-19
-2.253559109049269e-22  2.341833878840277e-20 -2.844438846637871e-18  2.088545380464916e-16 -2.506066084251459e-17    8.7934525486441e-18
 9.835577039024342e-21 -1.146056928390058e-18  7.717417878490158e-19 -2.506066084251459e-17 -3.323814947311777e-15  8.572889861158416e-16
-2.665242999725348e-19  3.241274232646364e-19 -2.447376684308468e-19    8.7934525486441e-18  8.572889861158416e-16 -1.777943707487058e-14
WARNING:
../src/mathtools.cc 75: Searching range may not be good, with index = 20 and val = 0.0002131830681271207, which evaluate with x = 1.290305203914793.
WARNING:
../src/mathtools.cc 75: Searching range may not be good, with index = 0 and val = -2.723494860333294, which evaluate with x = 1.
WARNING:
../src/mathtools.cc 75: Searching range may not be good, with index = 20 and val = 1.722214025605838, which evaluate with x = 0.9999999999999999.
raw_D_mat:
  1.86004371908068e-15 -1.176554764590571e-16 -1.299011826058092e-17 -1.088017307039352e-18 -1.137721228927649e-26 -4.284012842734448e-24  3.788951169732354e-24  5.058009056627869e-22 -7.325857185813826e-21
-1.176554764590572e-16  1.139936304136454e-15 -6.852267001194519e-17  -4.17197119494606e-18 -2.261318132735655e-24 -8.661364293672552e-23   3.07282833392009e-21 -5.454367626481334e-20    1.6668462214971e-20
-1.299011826058092e-17 -6.852267001194519e-17  5.993339974478399e-16 -2.180251101165661e-17 -7.845726967787851e-23  1.561887294011117e-20 -3.863103182572509e-19  1.012638024242351e-19  4.114820291833992e-21
-1.088017307039352e-18  -4.17197119494606e-18 -2.180251101165661e-17  2.218478962065947e-16  9.299397918685762e-21 -2.511315117707569e-18  5.147135770773511e-19 -9.406285791001524e-20  -1.53319911851436e-19
-1.137721228927649e-26 -2.261318132735655e-24 -7.845726967787851e-23  9.299397918685762e-21  2.509408385400172e-18 -1.759254740064253e-18  4.891285593160044e-19  4.645874010024724e-19  7.702958479284716e-20
 -4.28401284273473e-24 -8.661364293672552e-23  1.561887294011121e-20  -2.51131511770757e-18 -1.759254740064253e-18  2.560933656656925e-16 -4.072462478051678e-17 -1.594255549545124e-18 -5.733185796530337e-19
 3.788951169737433e-24  3.072828333920127e-21 -3.863103182572508e-19  5.147135770773488e-19  4.891285593160044e-19 -4.072462478051678e-17  4.957968809770639e-16 -9.459779936884464e-17 -2.067758749619212e-17
  5.05800905662841e-22 -5.454367626481357e-20  1.012638024242356e-19 -9.406285791003835e-20  4.645874010024724e-19 -1.594255549545124e-18 -9.459779936883991e-17  7.929311007703222e-16  -1.86911265406482e-16
-7.325857185813844e-21  1.666846221497015e-20  4.114820291849014e-21 -1.533199118514175e-19  7.702958479284716e-20 -5.733185796530337e-19 -2.067758749619212e-17 -1.869112654063991e-16  1.111759120426125e-15
raw_B_mat:
 9.177707031231611e-14 -5.492325886794486e-16 -2.190162382007679e-17 -1.088036795656447e-18 -1.105878386973018e-23 -3.984480971947117e-23  2.579998372832921e-21 -5.012993328071515e-20
-5.492325886794486e-16  3.494922076512592e-14 -1.583415543605907e-16 -4.172526923361015e-18 -2.253559109049148e-22  9.835577039024198e-21 -2.665242999725375e-19   8.50227923888358e-20
-2.190162382007679e-17 -1.583415543605907e-16  8.370245250741217e-15 -2.175131904327539e-17  2.341833878840287e-20 -1.146056928390058e-18  3.241274232646349e-19 -4.327166654144972e-20
-1.088036795656447e-18 -4.172526923361015e-18 -2.175131904327539e-17  2.117823481174284e-16 -2.844438846637871e-18  7.717417878490219e-19 -2.447376684308529e-19 -3.957812056905575e-19
-1.105878386972642e-23 -2.253559109049269e-22  2.341833878840277e-20 -2.844438846637871e-18  2.088545380464916e-16 -2.506066084251459e-17    8.7934525486441e-18  6.818603160149335e-18
-3.984480971949825e-23  9.835577039024342e-21 -1.146056928390058e-18  7.717417878490158e-19 -2.506066084251459e-17 -3.323814947311777e-15  8.572889861158416e-16  8.351870756573043e-17
 2.579998372833066e-21 -2.665242999725348e-19  3.241274232646364e-19 -2.447376684308468e-19    8.7934525486441e-18  8.572889861158416e-16 -1.777943707487058e-14  4.176719981947377e-15
-5.012993328071439e-20  8.502279238883407e-20 -4.327166654144972e-20 -3.957812056907054e-19  6.818603160149335e-18  8.351870756573043e-17  4.176719981947377e-15 -5.245276543120917e-14
WARNING:
../src/mathtools.cc 75: Searching range may not be good, with index = 20 and val = 3.360414725372962e-05, which evaluate with x = 1.290305203914793.
WARNING:
../src/mathtools.cc 75: Searching range may not be good, with index = 0 and val = -2.735784514456704, which evaluate with x = 1.
WARNING:
../src/mathtools.cc 75: Searching range may not be good, with index = 20 and val = 1.727301586326127, which evaluate with x = 0.9999999999999999.
WARNING:
../src/mathtools.cc 75: Searching range may not be good, with index = 20 and val = 3.360414725372962e-05, which evaluate with x = 1.290305203914793.
WARNING:
../src/mathtools.cc 75: Searching range may not be good, with index = 0 and val = -2.735784514456704, which evaluate with x = 1.
WARNING:
../src/mathtools.cc 75: Searching range may not be good, with index = 20 and val = 1.727301586326127, which evaluate with x = 0.9999999999999999.
raw_D_mat:
  2.77049750441899e-15 -1.251731504157985e-16 -6.631128883288491e-18  6.591308965664479e-18  2.387052187339692e-19  1.773328418968964e-27 -1.463989438189271e-26 -2.835205258223079e-25  3.404266630536923e-24  7.696115174362316e-23 -9.526302457409091e-22
-1.251731504157985e-16   1.86004371908068e-15 -1.176554764590571e-16 -1.299011826058092e-17 -1.088017307039352e-18 -1.137721228927649e-26 -4.284012842734448e-24  3.788951169732354e-24  5.058009056627869e-22 -7.325857185813826e-21  2.536223315335288e-21
-6.631128883288495e-18 -1.176554764590572e-16  1.139936304136454e-15 -6.852267001194519e-17  -4.17197119494606e-18 -2.261318132735655e-24 -8.661364293672552e-23   3.07282833392009e-21 -5.454367626481334e-20    1.6668462214971e-20  3.697050920598426e-21
 6.591308965664479e-18 -1.299011826058092e-17 -6.852267001194519e-17  5.993339974478399e-16 -2.180251101165661e-17 -7.845726967787851e-23  1.561887294011117e-20 -3.863103182572509e-19  1.012638024242351e-19  4.114820291833992e-21 -1.014687481643392e-20
 2.387052187339692e-19 -1.088017307039352e-18  -4.17197119494606e-18 -2.180251101165661e-17  2.218478962065947e-16  9.299397918685762e-21 -2.511315117707569e-18  5.147135770773511e-19 -9.406285791001524e-20  -1.53319911851436e-19 -1.726639502594277e-20
 1.773328418968964e-27 -1.137721228927649e-26 -2.261318132735655e-24 -7.845726967787851e-23  9.299397918685762e-21  2.509408385400172e-18 -1.759254740064253e-18  4.891285593160044e-19  4.645874010024724e-19  7.702958479284716e-20 -3.956642407557971e-19
-1.463989438189712e-26  -4.28401284273473e-24 -8.661364293672552e-23  1.561887294011121e-20  -2.51131511770757e-18 -1.759254740064253e-18  2.560933656656925e-16 -4.072462478051678e-17 -1.594255549545124e-18 -5.733185796530337e-19 -7.009495672250513e-18
 -2.83520525822449e-25  3.788951169737433e-24  3.072828333920127e-21 -3.863103182572508e-19  5.147135770773488e-19  4.891285593160044e-19 -4.072462478051678e-17  4.957968809770639e-16 -9.459779936884464e-17 -2.067758749619212e-17  -2.40511435930249e-17
 3.404266630530152e-24   5.05800905662841e-22 -5.454367626481357e-20  1.012638024242356e-19 -9.406285791003835e-20  4.645874010024724e-19 -1.594255549545124e-18 -9.459779936883991e-17  7.929311007703222e-16  -1.86911265406482e-16 -8.515875940348843e-17
 7.696115174365081e-23 -7.325857185813844e-21  1.666846221497015e-20  4.114820291849014e-21 -1.533199118514175e-19  7.702958479284716e-20 -5.733185796530337e-19 -2.067758749619212e-17 -1.869112654063991e-16  1.111759120426125e-15 -3.739984549460726e-16
-9.526302457409369e-22  2.536223315335468e-21  3.697050920596982e-21 -1.014687481645472e-20 -1.726639502610917e-20 -3.956642407557971e-19 -7.009495672278912e-18 -2.405114359245692e-17 -8.515875940438781e-17 -3.739984549439545e-16  1.356815692645625e-15
raw_B_mat:
 1.915955618837567e-13 -1.279054244318387e-15  -4.13017315193196e-17  3.671620365142613e-18  2.387051046693468e-19 -1.236846841925803e-25 -3.423041730013142e-24  7.396003945956058e-24  5.348082393589788e-22 -8.410800497694938e-21
-1.279054244318387e-15  9.177707031231611e-14 -5.492325886794486e-16 -2.190162382007679e-17 -1.088036795656447e-18 -1.105878386973018e-23 -3.984480971947117e-23  2.579998372832921e-21 -5.012993328071515e-20  1.762438704676547e-20
 -4.13017315193196e-17 -5.492325886794486e-16  3.494922076512592e-14 -1.583415543605907e-16 -4.172526923361015e-18 -2.253559109049148e-22  9.835577039024198e-21 -2.665242999725375e-19   8.50227923888358e-20  8.032098000765004e-21
 3.671620365142613e-18 -2.190162382007679e-17 -1.583415543605907e-16  8.370245250741217e-15 -2.175131904327539e-17  2.341833878840287e-20 -1.146056928390058e-18  3.241274232646349e-19 -4.327166654144972e-20 -1.225067420606621e-19
 2.387051046693468e-19 -1.088036795656447e-18 -4.172526923361015e-18 -2.175131904327539e-17  2.117823481174284e-16 -2.844438846637871e-18  7.717417878490219e-19 -2.447376684308529e-19 -3.957812056905575e-19 -1.458745917297871e-19
-1.236846841924392e-25 -1.105878386972642e-23 -2.253559109049269e-22  2.341833878840277e-20 -2.844438846637871e-18  2.088545380464916e-16 -2.506066084251459e-17    8.7934525486441e-18  6.818603160149335e-18 -8.925186526693011e-19
-3.423041730015775e-24 -3.984480971949825e-23  9.835577039024342e-21 -1.146056928390058e-18  7.717417878490158e-19 -2.506066084251459e-17 -3.323814947311777e-15  8.572889861158416e-16  8.351870756573043e-17 -1.159810072705688e-16
 7.396003945939131e-24  2.579998372833066e-21 -2.665242999725348e-19  3.241274232646364e-19 -2.447376684308468e-19    8.7934525486441e-18  8.572889861158416e-16 -1.777943707487058e-14  4.176719981947377e-15  5.175840961372991e-16
 5.348082393588825e-22 -5.012993328071439e-20  8.502279238883407e-20 -4.327166654144972e-20 -3.957812056907054e-19  6.818603160149335e-18  8.351870756573043e-17  4.176719981947377e-15 -5.245276543120917e-14  1.234303491261098e-14
-8.410800497694168e-21  1.762438704676759e-20   8.03209800075576e-21 -1.225067420606744e-19 -1.458745917298857e-19 -8.925186526693011e-19 -1.159810072705688e-16  5.175840961372991e-16  1.234303491261098e-14 -1.172989014368989e-13
T = 100
x_0 = 0.25
raw_D_mat:
 2.544148981001847e-16   2.00477136679798e-20  -2.90403308687277e-18
  2.00477136679798e-20  2.855367240289377e-18 -3.792614920475285e-18
-2.904033086872771e-18 -3.792614920475285e-18  3.032167714745038e-16
raw_B_mat:
 2.429608899310792e-16 -3.219105786143973e-18
-3.219105786143973e-18  2.400931718088768e-16
raw_D_mat:
 6.714594305965476e-16  -1.91067510343353e-17  5.306117323715945e-23  2.866415231308825e-20 -4.569360750130533e-19
 -1.91067510343353e-17  2.544148981001847e-16   2.00477136679798e-20  -2.90403308687277e-18  9.446154295211696e-19
 5.306117323715945e-23   2.00477136679798e-20  2.855367240289377e-18 -3.792614920475285e-18 -3.308008974524285e-19
 2.866415231308829e-20 -2.904033086872771e-18 -3.792614920475285e-18  3.032167714745038e-16 -6.537651880312483e-17
-4.569360750130525e-19  9.446154295211696e-19 -3.308008974524285e-19 -6.537651880312483e-17  6.017130075993514e-16
raw_B_mat:
 9.516294457433308e-15  -1.89962665435061e-17  4.551197105612224e-20 -1.331926534853515e-18
 -1.89962665435061e-17  2.429608899310792e-16 -3.219105786143973e-18  1.499828413481601e-18
 4.551197105612224e-20 -3.219105786143973e-18  2.400931718088768e-16 -5.742294794612568e-17
-1.331926534853515e-18  1.499828413481589e-18 -5.742294794612568e-17 -4.066173612840745e-15
raw_D_mat:
 1.238019859108664e-15 -5.286147319967404e-17 -9.705795409397417e-18 -1.922063822930225e-24  1.264004296751667e-22  4.721060457661959e-21 -6.542290732339367e-20
-5.286147319967404e-17  6.714594305965476e-16  -1.91067510343353e-17  5.306117323715945e-23  2.866415231308825e-20 -4.569360750130533e-19   1.55580618721925e-19
-9.705795409397417e-18  -1.91067510343353e-17  2.544148981001847e-16   2.00477136679798e-20  -2.90403308687277e-18  9.446154295211696e-19  1.372715111982165e-19
-1.922063822930225e-24  5.306117323715945e-23   2.00477136679798e-20  2.855367240289377e-18 -3.792614920475285e-18 -3.308008974524285e-19  3.948876644683838e-19
 1.264004296751667e-22  2.866415231308829e-20 -2.904033086872771e-18 -3.792614920475285e-18  3.032167714745038e-16 -6.537651880312483e-17 -8.156559554789507e-18
  4.72106045766205e-21 -4.569360750130525e-19  9.446154295211696e-19 -3.308008974524285e-19 -6.537651880312483e-17  6.017130075993514e-16 -1.277525677061097e-16
-6.542290732339397e-20  1.555806187219259e-19  1.372715111981957e-19  3.948876644683838e-19 -8.156559554789507e-18  -1.27752567706105e-16  9.904536525168052e-16
raw_B_mat:
 3.968398919955041e-14  -1.94207414418906e-16 -9.705421515744739e-18  2.284584125248787e-22  1.683050947765323e-20 -3.154642936984999e-19
 -1.94207414418906e-16  9.516294457433308e-15  -1.89962665435061e-17  4.551197105612224e-20 -1.331926534853515e-18  5.546425641910357e-19
-9.705421515744739e-18  -1.89962665435061e-17  2.429608899310792e-16 -3.219105786143973e-18  1.499828413481601e-18  2.481070010111308e-19
 2.284584125248546e-22  4.551197105612224e-20 -3.219105786143973e-18  2.400931718088768e-16 -5.742294794612568e-17 -3.969299157828956e-18
 1.683050947765352e-20 -1.331926534853515e-18  1.499828413481589e-18 -5.742294794612568e-17 -4.066173612840745e-15  1.265799182315159e-15
-3.154642936984976e-19  5.546425641910357e-19  2.481070010111432e-19 -3.969299157828956e-18  1.265799182315159e-15 -2.156647098733062e-14
raw_D_mat:
 1.926284491659553e-15 -9.981814730917075e-17 -3.536810447946766e-17 -2.579894417841461e-18 -8.995664784481211e-26 -3.840480094760509e-24  3.010784239323528e-23  6.966151861884279e-22   -8.8726996239713e-21
-9.981814730917076e-17  1.238019859108664e-15 -5.286147319967404e-17 -9.705795409397417e-18 -1.922063822930225e-24  1.264004296751667e-22  4.721060457661959e-21 -6.542290732339367e-20  2.295666887773228e-20
-3.536810447946766e-17 -5.286147319967404e-17  6.714594305965476e-16  -1.91067510343353e-17  5.306117323715945e-23  2.866415231308825e-20 -4.569360750130533e-19   1.55580618721925e-19  3.269727037207328e-20
-2.579894417841461e-18 -9.705795409397417e-18  -1.91067510343353e-17  2.544148981001847e-16   2.00477136679798e-20  -2.90403308687277e-18  9.446154295211696e-19  1.372715111982165e-19 -1.374463829152509e-19
-8.995664784481211e-26 -1.922063822930225e-24  5.306117323715945e-23   2.00477136679798e-20  2.855367240289377e-18 -3.792614920475285e-18 -3.308008974524285e-19  3.948876644683838e-19  6.090528203790955e-19
-3.840480094761073e-24  1.264004296751667e-22  2.866415231308829e-20 -2.904033086872771e-18 -3.792614920475285e-18  3.032167714745038e-16 -6.537651880312483e-17 -8.156559554789507e-18  4.440069044243328e-18
  3.01078423932443e-23   4.72106045766205e-21 -4.569360750130525e-19  9.446154295211696e-19 -3.308008974524285e-19 -6.537651880312483e-17  6.017130075993514e-16 -1.277525677061097e-16   -1.6095680493906e-17
 6.966151861884956e-22 -6.542290732339397e-20  1.555806187219259e-19  1.372715111981957e-19  3.948876644683838e-19 -8.156559554789507e-18  -1.27752567706105e-16  9.904536525168052e-16 -2.007040241358029e-16
-8.872699623971264e-21  2.295666887773156e-20  3.269727037207675e-20 -1.374463829152139e-19  6.090528203790955e-19  4.440069044243328e-18   -1.6095680493906e-17 -2.007040241355308e-16  1.477386506400587e-15
raw_B_mat:
 1.040816226981196e-13 -7.902789913762724e-16  -5.80492735492007e-17 -2.579911031429597e-18 -7.827818537330626e-24   1.11707378641106e-22  3.869418364448053e-21 -5.995680590456236e-20
-7.902789913762724e-16  3.968398919955041e-14  -1.94207414418906e-16 -9.705421515744739e-18  2.284584125248787e-22  1.683050947765323e-20 -3.154642936984999e-19  1.275151014551885e-19
 -5.80492735492007e-17  -1.94207414418906e-16  9.516294457433308e-15  -1.89962665435061e-17  4.551197105612224e-20 -1.331926534853515e-18  5.546425641910357e-19  1.213147828489119e-19
-2.579911031429597e-18 -9.705421515744739e-18  -1.89962665435061e-17  2.429608899310792e-16 -3.219105786143973e-18  1.499828413481601e-18  2.481070010111308e-19 -2.801486578567686e-19
-7.827818537330626e-24  2.284584125248546e-22  4.551197105612224e-20 -3.219105786143973e-18  2.400931718088768e-16 -5.742294794612568e-17 -3.969299157828956e-18  7.520615070262807e-18
 1.117073786410849e-22  1.683050947765352e-20 -1.331926534853515e-18  1.499828413481589e-18 -5.742294794612568e-17 -4.066173612840745e-15  1.265799182315159e-15  3.836451298902279e-16
 3.869418364448341e-21 -3.154642936984976e-19  5.546425641910357e-19  2.481070010111432e-19 -3.969299157828956e-18  1.265799182315159e-15 -2.156647098733062e-14  6.148463517811156e-15
 -5.99568059045614e-20  1.275151014551837e-19  1.213147828489026e-19 -2.801486578569165e-19  7.520615070262807e-18  3.836451298902279e-16  6.148463517811156e-15 -6.371493991392935e-14
raw_D_mat:
 2.696257753221669e-15 -1.927272019661504e-16 -8.753224022546566e-17 -1.680227045203112e-17 -7.678250476456781e-19 -3.036959907792458e-27 -2.385637627071027e-25 -4.649927199397994e-25  5.986990442567166e-24  9.915097674701137e-23 -1.155856151422222e-21
-1.927272019661504e-16  1.926284491659553e-15 -9.981814730917075e-17 -3.536810447946766e-17 -2.579894417841461e-18 -8.995664784481211e-26 -3.840480094760509e-24  3.010784239323528e-23  6.966151861884279e-22   -8.8726996239713e-21   3.26747993327602e-21
-8.753224022546566e-17 -9.981814730917076e-17  1.238019859108664e-15 -5.286147319967404e-17 -9.705795409397417e-18 -1.922063822930225e-24  1.264004296751667e-22  4.721060457661959e-21 -6.542290732339367e-20  2.295666887773228e-20  6.501902150892892e-21
-1.680227045203112e-17 -3.536810447946766e-17 -5.286147319967404e-17  6.714594305965476e-16  -1.91067510343353e-17  5.306117323715945e-23  2.866415231308825e-20 -4.569360750130533e-19   1.55580618721925e-19  3.269727037207328e-20 -1.664155674832482e-20
-7.678250476456781e-19 -2.579894417841461e-18 -9.705795409397417e-18  -1.91067510343353e-17  2.544148981001847e-16   2.00477136679798e-20  -2.90403308687277e-18  9.446154295211696e-19  1.372715111982165e-19 -1.374463829152509e-19 -2.813637898146137e-19
-3.036959907792458e-27 -8.995664784481211e-26 -1.922063822930225e-24  5.306117323715945e-23   2.00477136679798e-20  2.855367240289377e-18 -3.792614920475285e-18 -3.308008974524285e-19  3.948876644683838e-19  6.090528203790955e-19  6.776051312715108e-19
-2.385637627070762e-25 -3.840480094761073e-24  1.264004296751667e-22  2.866415231308829e-20 -2.904033086872771e-18 -3.792614920475285e-18  3.032167714745038e-16 -6.537651880312483e-17 -8.156559554789507e-18  4.440069044243328e-18  9.580538714490358e-18
-4.649927199402931e-25   3.01078423932443e-23   4.72106045766205e-21 -4.569360750130525e-19  9.446154295211696e-19 -3.308008974524285e-19 -6.537651880312483e-17  6.017130075993514e-16 -1.277525677061097e-16   -1.6095680493906e-17  1.201602740017847e-17
 5.986990442559266e-24  6.966151861884956e-22 -6.542290732339397e-20  1.555806187219259e-19  1.372715111981957e-19  3.948876644683838e-19 -8.156559554789507e-18  -1.27752567706105e-16  9.904536525168052e-16 -2.007040241358029e-16 -1.397947088417905e-17
 9.915097674705707e-23 -8.872699623971264e-21  2.295666887773156e-20  3.269727037207675e-20 -1.374463829152139e-19  6.090528203790955e-19  4.440069044243328e-18   -1.6095680493906e-17 -2.007040241355308e-16  1.477386506400587e-15 -2.647431748848258e-16
-1.155856151422257e-21  3.267479933275912e-21  6.501902150887186e-21 -1.664155674834562e-20 -2.813637898145397e-19  6.776051312715108e-19  9.580538714461959e-18  1.201602740086005e-17   -1.3979470885528e-17 -2.647431748827657e-16  2.086463572703332e-15
raw_B_mat:
 2.167930393606544e-13  -2.25973833708073e-15 -1.926490863180917e-16 -2.376650864904706e-17 -7.678259649345379e-19 -4.914270315702517e-25 -2.293624327448391e-24  3.529314345075154e-23  7.470789406376104e-22  -1.00759140030779e-20
 -2.25973833708073e-15  1.040816226981196e-13 -7.902789913762724e-16  -5.80492735492007e-17 -2.579911031429597e-18 -7.827818537330626e-24   1.11707378641106e-22  3.869418364448053e-21 -5.995680590456236e-20  2.461968129000235e-20
-1.926490863180917e-16 -7.902789913762724e-16  3.968398919955041e-14  -1.94207414418906e-16 -9.705421515744739e-18  2.284584125248787e-22  1.683050947765323e-20 -3.154642936984999e-19  1.275151014551885e-19  3.832853376266971e-20
-2.376650864904706e-17  -5.80492735492007e-17  -1.94207414418906e-16  9.516294457433308e-15  -1.89962665435061e-17  4.551197105612224e-20 -1.331926534853515e-18  5.546425641910357e-19  1.213147828489119e-19 -8.208618709013614e-20
-7.678259649345379e-19 -2.579911031429597e-18 -9.705421515744739e-18  -1.89962665435061e-17  2.429608899310792e-16 -3.219105786143973e-18  1.499828413481601e-18  2.481070010111308e-19 -2.801486578567686e-19 -5.795925183726454e-19
-4.914270315698755e-25 -7.827818537330626e-24  2.284584125248546e-22  4.551197105612224e-20 -3.219105786143973e-18  2.400931718088768e-16 -5.742294794612568e-17 -3.969299157828956e-18  7.520615070262807e-18  1.163524277546947e-17
-2.293624327454785e-24  1.117073786410849e-22  1.683050947765352e-20 -1.331926534853515e-18  1.499828413481589e-18 -5.742294794612568e-17 -4.066173612840745e-15  1.265799182315159e-15  3.836451298902279e-16  1.496683406667762e-16
 3.529314345074176e-23  3.869418364448341e-21 -3.154642936984976e-19  5.546425641910357e-19  2.481070010111432e-19 -3.969299157828956e-18  1.265799182315159e-15 -2.156647098733062e-14  6.148463517811156e-15  1.716903121212726e-15
 7.470789406375382e-22  -5.99568059045614e-20  1.275151014551837e-19  1.213147828489026e-19 -2.801486578569165e-19  7.520615070262807e-18  3.836451298902279e-16  6.148463517811156e-15 -6.371493991392935e-14  1.718766295757777e-14
-1.007591400307713e-20  2.461968129000485e-20  3.832853376265815e-20 -8.208618709013614e-20  -5.79592518372744e-19  1.163524277546947e-17  1.496683406667762e-16  1.716903121212726e-15  1.718766295757777e-14 -1.441115279509738e-13
T = 200
x_0 = 0.25
raw_D_mat:
 2.738616439592388e-16  3.060455403998642e-20 -3.463863188102156e-18
 3.060455403998642e-20  3.442387503462275e-18  -5.78975189933671e-18
-3.463863188102157e-18  -5.78975189933671e-18   3.67000679590658e-16
raw_B_mat:
 2.600496464598057e-16 -3.768354638238536e-18
-3.768354638238536e-18  2.942273183922712e-16
raw_D_mat:
 7.194074401372659e-16 -3.999959094183794e-18  2.512526856816027e-22  4.265344250867175e-20 -5.440486198715581e-19
-3.999959094183794e-18  2.738616439592388e-16  3.060455403998642e-20 -3.463863188102156e-18  1.405626772974144e-18
 2.512526856816027e-22  3.060455403998642e-20  3.442387503462275e-18  -5.78975189933671e-18 -1.566392313628726e-18
 4.265344250867193e-20 -3.463863188102157e-18  -5.78975189933671e-18   3.67000679590658e-16 -9.482754406035441e-17
-5.440486198715581e-19  1.405626772974148e-18 -1.566392313628726e-18 -9.482754406035441e-17  7.287166529992929e-16
raw_B_mat:
 1.133450840298409e-14 -3.831259620823493e-18  6.811808610361325e-20 -1.579362767399497e-18
-3.831259620823493e-18  2.600496464598057e-16 -3.768354638238536e-18  2.244803699760701e-18
 6.811808610361325e-20 -3.768354638238536e-18  2.942273183922712e-16 -8.809690523133295e-17
-1.579362767399497e-18  2.244803699760689e-18 -8.809690523133295e-17 -5.068744575344759e-15
raw_D_mat:
 1.326474396617558e-15 -2.104758724566212e-17 -4.088943488892101e-18  2.631526359835702e-24   4.84806375466314e-22  6.747198381828632e-21 -7.791444969253142e-20
-2.104758724566212e-17  7.194074401372659e-16 -3.999959094183794e-18  2.512526856816027e-22  4.265344250867175e-20 -5.440486198715581e-19  2.223511662895229e-19
-4.088943488892101e-18 -3.999959094183794e-18  2.738616439592388e-16  3.060455403998642e-20 -3.463863188102156e-18  1.405626772974144e-18  5.265021959956582e-19
 2.631526359835702e-24  2.512526856816027e-22  3.060455403998642e-20  3.442387503462275e-18  -5.78975189933671e-18 -1.566392313628726e-18 -5.406466142410941e-19
  4.84806375466314e-22  4.265344250867193e-20 -3.463863188102157e-18  -5.78975189933671e-18   3.67000679590658e-16 -9.482754406035441e-17 -2.620747264305245e-17
 6.747198381828758e-21 -5.440486198715581e-19  1.405626772974148e-18 -1.566392313628726e-18 -9.482754406035441e-17  7.287166529992929e-16 -1.823624670437763e-16
-7.791444969253171e-20  2.223511662895232e-19  5.265021959956674e-19 -5.406466142410941e-19 -2.620747264305245e-17 -1.823624670437715e-16  1.192623437640493e-15
raw_B_mat:
 4.749450946335092e-14 -1.896440062072563e-16 -4.087168198560063e-18  9.022348193513014e-22  2.438849550637121e-20 -3.752318807760453e-19
-1.896440062072563e-16  1.133450840298409e-14 -3.831259620823493e-18  6.811808610361325e-20 -1.579362767399497e-18  8.037129061586286e-19
-4.087168198560063e-18 -3.831259620823493e-18  2.600496464598057e-16 -3.768354638238536e-18  2.244803699760701e-18  9.798316147044963e-19
 9.022348193512894e-22  6.811808610361325e-20 -3.768354638238536e-18  2.942273183922712e-16 -8.809690523133295e-17 -2.331776457015435e-17
  2.43884955063714e-20 -1.579362767399497e-18  2.244803699760689e-18 -8.809690523133295e-17 -5.068744575344759e-15  1.578050656326577e-15
-3.752318807760427e-19  8.037129061586317e-19  9.798316147044963e-19 -2.331776457015435e-17  1.578050656326577e-15 -2.666900370991773e-14
raw_D_mat:
 2.095209245698102e-15 -6.054802373930911e-17 -1.560104332689162e-17  -5.21588041682765e-18  2.334807094408689e-26  6.557954781289746e-24  8.753253060567862e-23   9.54382296685372e-22 -1.060853892756505e-20
-6.054802373930911e-17  1.326474396617558e-15 -2.104758724566212e-17 -4.088943488892101e-18  2.631526359835702e-24   4.84806375466314e-22  6.747198381828632e-21 -7.791444969253142e-20  3.145127870044484e-20
-1.560104332689162e-17 -2.104758724566212e-17  7.194074401372659e-16 -3.999959094183794e-18  2.512526856816027e-22  4.265344250867175e-20 -5.440486198715581e-19  2.223511662895229e-19  9.506077460432615e-20
 -5.21588041682765e-18 -4.088943488892101e-18 -3.999959094183794e-18  2.738616439592388e-16  3.060455403998642e-20 -3.463863188102156e-18  1.405626772974144e-18  5.265021959956582e-19  2.347016887913282e-19
 2.334807094408689e-26  2.631526359835702e-24  2.512526856816027e-22  3.060455403998642e-20  3.442387503462275e-18  -5.78975189933671e-18 -1.566392313628726e-18 -5.406466142410941e-19 -1.580784611208285e-19
 6.557954781289181e-24   4.84806375466314e-22  4.265344250867193e-20 -3.463863188102157e-18  -5.78975189933671e-18   3.67000679590658e-16 -9.482754406035441e-17 -2.620747264305245e-17  -1.04203687619368e-17
 8.753253060568652e-23  6.747198381828758e-21 -5.440486198715581e-19  1.405626772974148e-18 -1.566392313628726e-18 -9.482754406035441e-17  7.287166529992929e-16 -1.823624670437763e-16 -5.350704720253827e-17
  9.54382296685372e-22 -7.791444969253171e-20  2.223511662895232e-19  5.265021959956674e-19 -5.406466142410941e-19 -2.620747264305245e-17 -1.823624670437715e-16  1.192623437640493e-15 -2.975631448656255e-16
-1.060853892756498e-20  3.145127870044372e-20  9.506077460433771e-20  2.347016887913651e-19 -1.580784611208285e-19  -1.04203687619368e-17 -5.350704720253768e-17 -2.975631448653888e-16  1.748650757055082e-15
raw_B_mat:
 1.248610877494364e-13 -9.678407061715356e-16 -2.704999393882004e-17 -5.215857726429301e-18  1.277304258297707e-23  3.493488194143056e-22  5.340935524317589e-21 -7.170272449881448e-20
-9.678407061715356e-16  4.749450946335092e-14 -1.896440062072563e-16 -4.087168198560063e-18  9.022348193513014e-22  2.438849550637121e-20 -3.752318807760453e-19  1.760083483105306e-19
-2.704999393882004e-17 -1.896440062072563e-16  1.133450840298409e-14 -3.831259620823493e-18  6.811808610361325e-20 -1.579362767399497e-18  8.037129061586286e-19  3.793945993659859e-19
-5.215857726429301e-18 -4.087168198560063e-18 -3.831259620823493e-18  2.600496464598057e-16 -3.768354638238536e-18  2.244803699760701e-18  9.798316147044963e-19  4.571325611732396e-19
 1.277304258298008e-23  9.022348193512894e-22  6.811808610361325e-20 -3.768354638238536e-18  2.942273183922712e-16 -8.809690523133295e-17 -2.331776457015435e-17 -8.261720091508741e-18
 3.493488194142876e-22   2.43884955063714e-20 -1.579362767399497e-18  2.244803699760689e-18 -8.809690523133295e-17 -5.068744575344759e-15  1.578050656326577e-15    5.5962425158791e-16
 5.340935524317734e-21 -3.752318807760427e-19  8.037129061586317e-19  9.798316147044963e-19 -2.331776457015435e-17  1.578050656326577e-15 -2.666900370991773e-14  7.780199724820061e-15
-7.170272449881332e-20  1.760083483105303e-19  3.793945993659982e-19  4.571325611730424e-19 -8.261720091508741e-18    5.5962425158791e-16  7.780199724820061e-15  -7.83485762010529e-14
raw_D_mat:
 3.046383619324781e-15 -1.164923730738327e-16 -3.251684234009041e-17 -2.066511312610213e-17 -3.595204362197545e-18  8.443089727809651e-29  7.271889614227136e-26  1.342234066434218e-24  1.309948647499672e-23  1.266044354276302e-22 -1.402231590233633e-21
-1.164923730738326e-16  2.095209245698102e-15 -6.054802373930911e-17 -1.560104332689162e-17  -5.21588041682765e-18  2.334807094408689e-26  6.557954781289746e-24  8.753253060567862e-23   9.54382296685372e-22 -1.060853892756505e-20  4.172197448735893e-21
-3.251684234009042e-17 -6.054802373930911e-17  1.326474396617558e-15 -2.104758724566212e-17 -4.088943488892101e-18  2.631526359835702e-24   4.84806375466314e-22  6.747198381828632e-21 -7.791444969253142e-20  3.145127870044484e-20  1.422610911183855e-20
-2.066511312610213e-17 -1.560104332689162e-17 -2.104758724566212e-17  7.194074401372659e-16 -3.999959094183794e-18  2.512526856816027e-22  4.265344250867175e-20 -5.440486198715581e-19  2.223511662895229e-19  9.506077460432615e-20  4.803701956656664e-20
-3.595204362197545e-18  -5.21588041682765e-18 -4.088943488892101e-18 -3.999959094183794e-18  2.738616439592388e-16  3.060455403998642e-20 -3.463863188102156e-18  1.405626772974144e-18  5.265021959956582e-19  2.347016887913282e-19  8.576518066882269e-20
 8.443089727809651e-29  2.334807094408689e-26  2.631526359835702e-24  2.512526856816027e-22  3.060455403998642e-20  3.442387503462275e-18  -5.78975189933671e-18 -1.566392313628726e-18 -5.406466142410941e-19 -1.580784611208285e-19 -1.883818389827768e-20
 7.271889614225373e-26  6.557954781289181e-24   4.84806375466314e-22  4.265344250867193e-20 -3.463863188102157e-18  -5.78975189933671e-18   3.67000679590658e-16 -9.482754406035441e-17 -2.620747264305245e-17  -1.04203687619368e-17 -5.237308138516051e-18
 1.342234066434289e-24  8.753253060568652e-23  6.747198381828758e-21 -5.440486198715581e-19  1.405626772974148e-18 -1.566392313628726e-18 -9.482754406035441e-17  7.287166529992929e-16 -1.823624670437763e-16 -5.350704720253827e-17 -2.518861968424968e-17
 1.309948647498092e-23   9.54382296685372e-22 -7.791444969253171e-20  2.223511662895232e-19  5.265021959956674e-19 -5.406466142410941e-19 -2.620747264305245e-17 -1.823624670437715e-16  1.192623437640493e-15 -2.975631448656255e-16 -9.521957693116534e-17
 1.266044354276765e-22 -1.060853892756498e-20  3.145127870044372e-20  9.506077460433771e-20  2.347016887913651e-19 -1.580784611208285e-19  -1.04203687619368e-17 -5.350704720253768e-17 -2.975631448653888e-16  1.748650757055082e-15 -4.452929371820702e-16
-1.402231590233605e-21  4.172197448735175e-21  1.422610911183689e-20  4.803701956651117e-20  8.576518066871176e-20 -1.883818389827768e-20 -5.237308138572849e-18 -2.518861968334091e-17 -9.521957693267064e-17 -4.452929371782884e-16  2.384811754548195e-15
raw_B_mat:
 2.606096556036579e-13 -2.981092231584007e-15 -9.012547791681421e-17 -3.482290015410804e-17 -3.595204123956503e-18  1.241238087444402e-25  5.383995859066688e-24  7.875453667630459e-23  9.594657030058204e-22 -1.221325890623012e-20
-2.981092231584007e-15  1.248610877494364e-13 -9.678407061715356e-16 -2.704999393882004e-17 -5.215857726429301e-18  1.277304258297707e-23  3.493488194143056e-22  5.340935524317589e-21 -7.170272449881448e-20  3.161880027903441e-20
-9.012547791681421e-17 -9.678407061715356e-16  4.749450946335092e-14 -1.896440062072563e-16 -4.087168198560063e-18  9.022348193513014e-22  2.438849550637121e-20 -3.752318807760453e-19  1.760083483105306e-19  8.552782843420109e-20
-3.482290015410804e-17 -2.704999393882004e-17 -1.896440062072563e-16  1.133450840298409e-14 -3.831259620823493e-18  6.811808610361325e-20 -1.579362767399497e-18  8.037129061586286e-19  3.793945993659859e-19  1.926870438590724e-19
-3.595204123956503e-18 -5.215857726429301e-18 -4.087168198560063e-18 -3.831259620823493e-18  2.600496464598057e-16 -3.768354638238536e-18  2.244803699760701e-18  9.798316147044963e-19  4.571325611732396e-19  1.463924983335275e-19
 1.241238087447223e-25  1.277304258298008e-23  9.022348193512894e-22  6.811808610361325e-20 -3.768354638238536e-18  2.942273183922712e-16 -8.809690523133295e-17 -2.331776457015435e-17 -8.261720091508741e-18 -3.227756588693089e-18
 5.383995859059917e-24  3.493488194142876e-22   2.43884955063714e-20 -1.579362767399497e-18  2.244803699760689e-18 -8.809690523133295e-17 -5.068744575344759e-15  1.578050656326577e-15    5.5962425158791e-16  2.877833088672306e-16
 7.875453667628879e-23  5.340935524317734e-21 -3.752318807760427e-19  8.037129061586317e-19  9.798316147044963e-19 -2.331776457015435e-17  1.578050656326577e-15 -2.666900370991773e-14  7.780199724820061e-15  2.688100396429414e-15
 9.594657030056519e-22 -7.170272449881332e-20  1.760083483105303e-19  3.793945993659982e-19  4.571325611730424e-19 -8.261720091508741e-18    5.5962425158791e-16  7.780199724820061e-15  -7.83485762010529e-14  2.189422870978356e-14
-1.221325890622863e-20  3.161880027903499e-20  8.552782843419646e-20  1.926870438591217e-19  1.463924983334289e-19 -3.227756588693089e-18  2.877833088672306e-16  2.688100396429414e-15  2.189422870978356e-14 -1.762975167843426e-13
T = 500
x_0 = 0.25
raw_D_mat:
 2.950369067434728e-16  4.219767021331634e-20 -4.490627684687198e-18
 4.219767021331634e-20  4.559145445669024e-18  -7.98293093720377e-18
-4.490627684687198e-18  -7.98293093720377e-18  4.817937374913934e-16
raw_B_mat:
 2.767382178227668e-16 -4.779897547658046e-18
-4.779897547658046e-18  3.968024097052191e-16
raw_D_mat:
 8.048889457526417e-16 -1.710626485648395e-17   4.48511996174772e-22   5.78341378303895e-20 -6.967309220681923e-19
-1.710626485648395e-17  2.950369067434728e-16  4.219767021331634e-20 -4.490627684687198e-18  1.905900385642849e-18
  4.48511996174772e-22  4.219767021331634e-20  4.559145445669024e-18  -7.98293093720377e-18 -2.796172074629008e-18
    5.783413783039e-20 -4.490627684687198e-18  -7.98293093720377e-18  4.817937374913934e-16 -1.268568490710167e-16
-6.967309220681931e-19  1.905900385642853e-18 -2.796172074629008e-18 -1.268568490710167e-16  9.540010265438224e-16
raw_B_mat:
 1.476494934321483e-14 -1.687362683184864e-17  9.261183086313892e-20 -2.017526622715355e-18
-1.687362683184864e-17  2.767382178227668e-16 -4.779897547658046e-18  3.051985052060341e-18
 9.261183086313911e-20 -4.779897547658046e-18  3.968024097052191e-16 -1.222426958132924e-16
-2.017526622715355e-18  3.051985052060322e-18 -1.222426958132924e-16 -6.719813310363594e-15
raw_D_mat:
